Кількість відділень: 20
Кількість вулиць: 27
Вулиці для проходження:
1 3 1200
3 15 1900
15 8 500
8 16 1500
16 9 1300
9 17 2600
17 1 2000
12 9 2200
12 2 1700
2 9 2600
2 6 900
13 6 1300
13 18 1200
18 10 3300
10 14 4400
14 12 1300
7 18 3000
7 19 3200
19 11 100
11 18 4200
11 5 2100
5 4 2600
4 6 1700
4 20 1900
20 8 1000
20 6 1500
10 12 2200
Повторне проходження вулиць:
1 11
11 9
3 4
4 10
7 19
Оновлений маршрут:
0 2
2 14
14 7
7 15
15 8
8 11
11 1
1 5
5 12
12 17
17 6
6 18
18 10
10 4
4 3
3 5
5 19
19 7
7 19
19 3
3 4
4 10
10 17
17 9
9 13
13 11
11 9
9 11
11 1
1 8
8 16
16 0
